7

-0.31997813561096866 0.25643806292364346
-0.09702284755434615 0.12015580030727332

13.097554249765908 0.0878034197375953
2.135420001429376 0.7073590278295636

-5.43138103241035 -6.904220521026551
-4.7803448824059585 18.156085739148438

5.164492874258948 2.7273406094656285
5.045637885771307 7.601956589164326

12.894514072834488 -0.22806493988677362
2.3015808954710737 -1.342334433182024

5.576610611000831 -2.8282892923340754
4.957728251973824 -7.899447716329178

-5.237936451857174 7.055519493551847
-4.815300274527687 -18.50432146864616
